0	0.000194
100	0.000677
200	0.001189
300	0.001706
400	0.00222
500	0.002713
600	0.003268
700	0.003785
800	0.004313
900	0.004826
1000	0.005348
1100	0.005853
1200	0.006354
1300	0.006867
1400	0.007383
1500	0.007902
1600	0.008406
1700	0.00892
1800	0.009423
1900	0.009934
2000	0.010443
2100	0.010949
2200	0.011458
2300	0.012251
2400	0.012741
2500	0.013284
2600	0.013805
2700	0.014339
2800	0.015011
2900	0.015528
3000	0.016054
3100	0.016569
3200	0.017074
3300	0.017725
3400	0.018251
3500	0.018783
3600	0.019297
3700	0.019837
3800	0.02045
3900	0.020948
4000	0.021495
4100	0.022008
4200	0.022496
4300	0.023062
4400	0.023559
4500	0.024051
4600	0.024509
4700	0.025009
4800	0.025582
4900	0.02608
5000	0.026549
5100	0.027071
5200	0.027551
5300	0.028031
5400	0.028586
5500	0.029097
5600	0.029629
5700	0.030102
5800	0.030565
5900	0.031045
6000	0.031512
6100	0.032007
6200	0.032473
6300	0.032938
6400	0.033401
6500	0.033873
6600	0.034394
6700	0.034906
6800	0.035371
6900	0.035823
7000	0.036276
7100	0.036744
7200	0.037216
7300	0.037732
7400	0.03821
7500	0.03868
7600	0.039143
7700	0.039601
7800	0.04005
7900	0.040525
8000	0.040974
8100	0.041407
8200	0.041913
8300	0.042376
8400	0.042999
8500	0.043455
8600	0.0439
8700	0.044324
8800	0.044869
8900	0.045338
9000	0.045831
9100	0.046285
9200	0.046729
9300	0.047258
9400	0.047734
9500	0.048197
9600	0.048766
9700	0.049213
9800	0.049681
9900	0.050181
10000	0.050648
10100	0.051267
10200	0.051721
10300	0.052173
10400	0.052704
10500	0.053154
10600	0.053621
10700	0.054201
10800	0.054675
10900	0.05519
11000	0.055664
11100	0.056125
11200	0.056571
11300	0.057087
11400	0.057579
11500	0.05813
11600	0.058613
11700	0.059066
11800	0.059638
11900	0.060122
12000	0.060552
12100	0.061043
12200	0.061519
12300	0.061993
12400	0.062598
12500	0.063063
12600	0.063561
12700	0.064057
12800	0.064544
12900	0.065105
13000	0.065565
13100	0.066037
13200	0.06652
13300	0.066988
13400	0.067434
13500	0.067902
13600	0.068359
13700	0.068807
13800	0.069264
13900	0.069753
14000	0.070224
14100	0.070702
14200	0.071151
14300	0.071617
14400	0.072138
14500	0.072576
14600	0.073019
14700	0.073521
14800	0.074024
14900	0.074483
15000	0.074943
15100	0.07538
15200	0.075845
15300	0.076331
15400	0.076775
15500	0.077236
15600	0.077714
15700	0.07816
15800	0.078596
15900	0.079044
16000	0.079488
16100	0.079922
16200	0.080368
16300	0.080809
16400	0.081252
16500	0.081676
16600	0.08214
16700	0.082589
16800	0.083131
16900	0.083596
17000	0.084035
17100	0.084486
17200	0.084977
17300	0.085581
17400	0.086068
17500	0.086557
17600	0.087031
17700	0.087488
17800	0.08797
17900	0.08854
18000	0.089029
18100	0.089572
18200	0.09007
18300	0.090641
18400	0.091077
18500	0.091502
18600	0.091924
18700	0.092427
18800	0.092829
18900	0.093256
19000	0.093824
19100	0.094275
19200	0.094715
19300	0.095213
19400	0.095663
19500	0.096109
19600	0.096598
19700	0.097038
19800	0.097431
19900	0.097943
20000	0.098352
20100	0.098791
20200	0.099305
20300	0.099721
20400	0.100155
20500	0.100643
20600	0.101084
20700	0.10166
20800	0.102107
20900	0.102534
21000	0.102942
21100	0.103542
21200	0.10395
21300	0.104469
21400	0.104922
21500	0.105381
21600	0.105779
21700	0.106261
21800	0.106692
21900	0.10715
22000	0.107543
22100	0.107966
22200	0.108432
22300	0.108936
22400	0.10936
22500	0.109804
22600	0.110241
22700	0.110651
22800	0.111078
22900	0.111583
23000	0.112022
23100	0.112484
23200	0.113019
23300	0.113447
23400	0.11393
23500	0.114384
23600	0.114847
23700	0.115277
23800	0.115721
23900	0.116221
24000	0.116632
24100	0.117089
24200	0.117588
24300	0.118013
24400	0.118478
24500	0.118907
24600	0.119352
24700	0.119779
24800	0.120191
24900	0.120628
25000	0.121121
25100	0.121564
25200	0.122228
25300	0.122689
25400	0.123151
25500	0.123699
25600	0.124138
25700	0.124556
25800	0.125053
25900	0.125468
26000	0.125917
26100	0.126445
26200	0.126869
26300	0.127298
26400	0.127845
26500	0.128278
26600	0.128724
26700	0.129239
26800	0.129761
26900	0.130175
27000	0.130686
27100	0.131131
27200	0.131568
27300	0.132074
27400	0.132496
27500	0.132931
27600	0.133441
27700	0.133865
27800	0.134284
27900	0.134777
28000	0.135213
28100	0.135643
28200	0.136161
28300	0.136604
28400	0.137028
28500	0.137518
28600	0.137966
28700	0.138392
28800	0.138956
28900	0.139383
29000	0.13979
29100	0.140302
29200	0.140809
29300	0.141256
29400	0.141669
29500	0.14209
29600	0.142501
29700	0.142938
29800	0.143384
29900	0.143807
30000	0.144325
30100	0.144744
30200	0.145243
30300	0.145661
30400	0.146071
30500	0.146502
30600	0.146958
30700	0.147377
30800	0.147794
30900	0.148326
31000	0.14874
31100	0.149144
31200	0.149548
31300	0.149948
31400	0.15036
31500	0.150838
31600	0.151289
31700	0.151847
31800	0.152258
31900	0.152709
32000	0.153135
32100	0.153572
32200	0.153997
32300	0.154405
32400	0.154824
32500	0.15525
32600	0.155655
32700	0.156074
32800	0.156593
32900	0.157002
33000	0.157445
33100	0.157854
33200	0.158267
33300	0.158671
33400	0.159171
33500	0.159561
33600	0.160155
33700	0.160592
33800	0.161013
33900	0.161402
34000	0.16192
34100	0.162336
34200	0.162734
34300	0.1632
34400	0.163632
34500	0.164086
34600	0.164604
34700	0.165039
34800	0.165471
34900	0.166009
35000	0.166415
35100	0.166848
35200	0.167356
35300	0.167773
35400	0.168191
35500	0.168677
35600	0.169118
35700	0.169526
35800	0.170006
35900	0.170421
36000	0.170842
36100	0.17136
36200	0.17179
36300	0.172208
36400	0.172691
36500	0.173109
36600	0.173516
36700	0.174054
36800	0.174495
36900	0.174914
37000	0.175347
37100	0.175781
37200	0.176162
37300	0.176554
37400	0.176962
37500	0.177368
37600	0.177767
37700	0.178153
37800	0.178569
37900	0.178984
38000	0.179563
38100	0.180017
38200	0.180424
38300	0.180883
38400	0.181309
38500	0.181709
38600	0.182119
38700	0.182547
38800	0.182973
38900	0.183376
39000	0.183813
39100	0.18423
39200	0.184645
39300	0.18504
39400	0.185447
39500	0.185844
39600	0.186275
39700	0.186704
39800	0.187112
39900	0.187515
40000	0.187913
40100	0.188301
40200	0.188708
40300	0.189217
40400	0.189643
40500	0.19007
40600	0.190473
40700	0.190878
40800	0.191288
40900	0.191698
41000	0.192098
41100	0.192509
41200	0.192913
41300	0.193331
41400	0.193766
41500	0.194193
41600	0.194605
41700	0.194982
41800	0.1954
41900	0.195807
42000	0.196236
42100	0.196743
42200	0.197161
42300	0.197581
42400	0.197997
42500	0.198417
42600	0.199281
42700	0.199755
42800	0.200231
42900	0.200708
43000	0.201702
43100	0.202142
43200	0.202618
43300	0.203086
43400	0.203486
43500	0.203925
43600	0.204435
43700	0.204901
43800	0.205339
43900	0.205769
44000	0.206186
44100	0.206713
44200	0.207134
44300	0.207622
44400	0.208099
44500	0.20851
44600	0.208939
44700	0.209501
44800	0.20991
44900	0.210337
45000	0.210901
45100	0.211353
45200	0.211771
45300	0.21228
45400	0.212698
45500	0.213121
45600	0.213635
45700	0.214055
45800	0.214465
45900	0.215005
46000	0.215536
46100	0.216019
46200	0.216616
46300	0.217049
46400	0.217499
46500	0.217956
46600	0.218375
46700	0.218921
46800	0.219376
46900	0.219814
47000	0.220261
47100	0.22089
47200	0.221354
47300	0.221814
47400	0.22225
47500	0.222695
47600	0.223215
47700	0.223634
47800	0.224112
47900	0.224625
48000	0.225126
48100	0.225561
48200	0.22608
48300	0.226533
48400	0.226963
48500	0.227418
48600	0.22788
48700	0.22835
48800	0.229041
48900	0.229499
49000	0.229999
49100	0.230488
49200	0.23095
49300	0.231499
49400	0.232004
49500	0.232413
49600	0.232915
49700	0.233415
49800	0.234043
49900	0.234662
50000	0.235143
50100	0.235769
50200	0.236268
50300	0.236717
50400	0.237237
50500	0.237713
50600	0.238325
50700	0.238797
50800	0.239228
50900	0.239865
51000	0.240373
51100	0.24096
51200	0.241446
51300	0.241906
51400	0.242369
51500	0.242791
51600	0.243218
51700	0.243802
51800	0.244273
51900	0.244745
52000	0.245283
52100	0.245761
52200	0.24631
52300	0.246798
52400	0.247242
52500	0.247694
52600	0.248162
52700	0.248634
52800	0.249204
52900	0.249654
53000	0.250132
53100	0.250583
53200	0.251008
53300	0.251543
53400	0.252079
53500	0.252529
53600	0.252974
53700	0.253409
53800	0.253895
53900	0.254456
54000	0.254895
54100	0.255324
54200	0.255896
54300	0.256398
54400	0.256943
54500	0.257563
54600	0.258091
54700	0.258522
54800	0.258937
54900	0.25934
55000	0.259947
55100	0.260429
55200	0.260863
55300	0.261383
55400	0.261819
55500	0.262252
55600	0.262675
55700	0.263119
55800	0.263527
55900	0.263989
56000	0.264442
56100	0.264903
56200	0.26536
56300	0.265828
56400	0.266231
56500	0.266779
56600	0.267194
56700	0.267619
56800	0.268045
56900	0.268478
57000	0.268897
57100	0.269436
57200	0.269872
57300	0.270346
57400	0.2708
57500	0.271227
57600	0.271659
57700	0.272107
57800	0.272514
57900	0.272932
58000	0.273349
58100	0.273782
58200	0.274213
58300	0.27465
58400	0.275034
58500	0.275429
58600	0.275863
58700	0.276348
58800	0.276794
58900	0.277205
59000	0.277866
59100	0.2783
59200	0.278713
59300	0.2792
59400	0.279647
59500	0.280113
59600	0.280568
59700	0.281039
59800	0.281506
59900	0.282043
60000	0.282494
60100	0.283043
60200	0.283516
60300	0.283967
60400	0.284525
60500	0.284992
60600	0.285434
60700	0.285992
60800	0.286443
60900	0.286893
61000	0.287425
61100	0.287877
61200	0.288342
61300	0.288855
61400	0.289256
61500	0.289744
61600	0.290274
61700	0.290783
61800	0.291472
61900	0.291987
62000	0.29251
62100	0.292954
62200	0.293384
62300	0.294013
62400	0.294452
62500	0.294872
62600	0.295375
62700	0.295808
62800	0.296236
62900	0.296913
63000	0.297335
63100	0.297764
63200	0.298257
63300	0.298696
63400	0.299137
63500	0.299675
63600	0.300119
63700	0.3006
63800	0.301135
63900	0.30158
64000	0.302041
64100	0.302504
64200	0.302931
64300	0.303356
64400	0.303815
64500	0.30425
64600	0.304712
64700	0.305229
64800	0.305651
64900	0.306114
65000	0.306551
65100	0.306994
65200	0.307444
65300	0.307958
65400	0.308481
65500	0.308915
65600	0.309421
65700	0.309855
65800	0.310312
65900	0.31073
66000	0.311155
66100	0.311678
66200	0.312118
66300	0.31256
66400	0.313109
66500	0.31356
66600	0.313976
66700	0.314404
66800	0.314932
66900	0.315437
67000	0.316063
67100	0.316503
67200	0.316942
67300	0.317404
67400	0.31781
67500	0.318235
67600	0.318671
67700	0.319103
67800	0.319594
67900	0.320109
68000	0.320591
68100	0.321032
68200	0.321494
68300	0.321934
68400	0.322367
68500	0.322888
68600	0.323316
68700	0.323744
68800	0.324239
68900	0.324633
69000	0.325072
69100	0.325664
69200	0.326089
69300	0.326517
69400	0.326966
69500	0.327433
69600	0.328027
69700	0.328499
69800	0.328999
69900	0.329533
70000	0.330025
70100	0.330607
70200	0.331063
70300	0.331504
70400	0.331934
70500	0.332433
70600	0.33286
70700	0.333272
70800	0.33383
70900	0.334235
71000	0.334672
71100	0.335127
71200	0.335558
71300	0.335965
71400	0.336443
71500	0.336906
71600	0.337331
71700	0.33784
71800	0.338246
71900	0.338664
72000	0.339077
72100	0.339471
72200	0.339917
72300	0.34043
72400	0.34087
72500	0.341327
72600	0.341885
72700	0.342333
72800	0.342762
72900	0.343372
73000	0.343803
73100	0.344251
73200	0.344667
73300	0.345108
73400	0.345512
73500	0.346042
73600	0.346447
73700	0.346908
73800	0.34738
73900	0.347786
74000	0.348206
74100	0.348673
74200	0.349126
74300	0.349552
74400	0.349982
74500	0.350421
74600	0.350852
74700	0.351301
74800	0.351709
74900	0.352139
75000	0.352561
75100	0.352975
75200	0.353401
75300	0.353832
75400	0.354261
75500	0.354673
75600	0.355107
75700	0.355574
75800	0.355988
75900	0.356442
76000	0.356888
76100	0.357312
76200	0.357868
76300	0.358326
76400	0.358772
76500	0.359209
76600	0.35966
76700	0.360107
76800	0.360566
76900	0.361096
77000	0.361555
77100	0.361976
77200	0.362479
77300	0.362905
77400	0.363315
77500	0.363845
77600	0.364288
77700	0.364715
77800	0.365156
77900	0.365611
78000	0.366042
78100	0.366632
78200	0.36706
78300	0.367468
78400	0.367953
78500	0.368399
78600	0.368929
78700	0.369406
78800	0.369858
78900	0.370292
79000	0.370704
79100	0.371141
79200	0.371662
79300	0.372105
79400	0.372543
79500	0.373084
79600	0.373542
79700	0.373978
79800	0.374484
79900	0.374913
80000	0.375395
80100	0.375843
80200	0.376278
80300	0.376691
80400	0.377228
80500	0.377659
80600	0.378077
80700	0.378559
80800	0.378993
80900	0.379431
81000	0.379873
81100	0.380335
81200	0.380793
81300	0.381271
81400	0.381716
81500	0.382124
81600	0.382553
81700	0.382959
81800	0.38339
81900	0.383798
82000	0.384306
82100	0.384751
82200	0.385167
82300	0.385667
82400	0.386067
82500	0.386547
82600	0.386985
82700	0.38741
82800	0.387827
82900	0.388268
83000	0.38867
83100	0.389074
83200	0.389495
83300	0.389925
83400	0.390351
83500	0.390821
83600	0.39122
83700	0.391641
83800	0.392072
83900	0.392503
84000	0.392939
84100	0.393368
84200	0.393775
84300	0.394174
84400	0.394593
84500	0.395025
84600	0.395437
84700	0.396034
84800	0.396476
84900	0.396902
85000	0.397343
85100	0.397817
85200	0.398237
85300	0.398651
85400	0.399143
85500	0.399555
85600	0.40001
85700	0.400493
85800	0.400953
85900	0.401412
86000	0.401902
86100	0.402331
86200	0.402772
86300	0.403288
86400	0.403708
86500	0.404145
86600	0.404632
86700	0.405071
86800	0.40551
86900	0.406033
87000	0.406479
87100	0.406902
87200	0.40744
87300	0.407887
87400	0.408305
87500	0.408902
87600	0.409331
87700	0.409839
87800	0.410298
87900	0.410726
88000	0.411287
88100	0.411752
88200	0.412241
88300	0.412748
88400	0.413202
88500	0.413656
88600	0.414162
88700	0.414654
88800	0.41508
88900	0.415515
89000	0.415954
89100	0.416387
89200	0.416893
89300	0.417301
89400	0.417735
89500	0.418241
89600	0.41868
89700	0.419127
89800	0.419565
89900	0.42003
90000	0.420452
90100	0.420892
90200	0.421349
90300	0.421777
90400	0.422231
90500	0.422656
90600	0.423091
90700	0.423652
90800	0.424071
90900	0.424504
91000	0.42494
91100	0.425404
91200	0.42582
91300	0.426303
91400	0.42675
91500	0.427177
91600	0.427687
91700	0.428116
91800	0.42854
91900	0.428992
92000	0.429427
92100	0.429844
92200	0.43026
92300	0.430705
92400	0.431166
92500	0.431625
92600	0.43206
92700	0.432492
92800	0.432918
92900	0.433375
93000	0.43382
93100	0.434457
93200	0.434847
93300	0.435295
93400	0.435723
93500	0.43617
93600	0.436603
93700	0.437084
93800	0.437516
93900	0.437936
94000	0.438414
94100	0.438818
94200	0.439255
94300	0.439808
94400	0.440328
94500	0.440786
94600	0.441258
94700	0.441708
94800	0.442241
94900	0.442704
95000	0.443142
95100	0.443594
95200	0.44413
95300	0.444619
95400	0.445055
95500	0.445649
95600	0.446081
95700	0.446588
95800	0.447057
95900	0.44751
96000	0.448015
96100	0.448457
96200	0.448917
96300	0.449446
96400	0.449902
96500	0.450353
96600	0.450892
96700	0.451314
96800	0.451744
96900	0.452254
97000	0.452704
97100	0.453127
97200	0.45372
97300	0.454143
97400	0.45456
97500	0.455141
97600	0.45562
97700	0.456222
97800	0.456666
97900	0.457095
98000	0.457609
98100	0.458038
98200	0.458485
98300	0.459128
98400	0.45954
98500	0.460015
98600	0.460484
98700	0.460946
98800	0.461389
98900	0.461853
99000	0.462277
99100	0.462687
99200	0.463206
99300	0.463676
99400	0.464103
99500	0.464582
99600	0.465034
99700	0.4655
99800	0.465953
99900	0.4664
100000	0.46683
100100	0.467245
100200	0.467642
100300	0.468041
100400	0.468473
100500	0.468875
100600	0.469309
100700	0.46974
100800	0.470156
100900	0.470613
101000	0.471037
101100	0.471467
101200	0.471882
101300	0.472298
101400	0.472718
101500	0.473303
101600	0.473692
101700	0.474136
101800	0.474568
101900	0.475032
102000	0.475568
102100	0.475971
102200	0.476399
102300	0.476884
102400	0.477341
102500	0.47776
102600	0.478241
102700	0.47867
102800	0.47908
102900	0.4797
103000	0.480177
103100	0.480712
103200	0.481158
103300	0.481641
103400	0.482054
103500	0.482476
103600	0.482896
103700	0.483313
103800	0.483813
103900	0.484229
104000	0.484627
104100	0.485102
104200	0.485513
104300	0.485925
104400	0.486457
104500	0.486867
104600	0.487244
104700	0.487626
104800	0.488031
104900	0.488449
105000	0.48898
105100	0.489403
105200	0.489832
105300	0.490313
105400	0.490709
105500	0.49111
105600	0.491617
105700	0.492105
105800	0.492607
105900	0.493054
106000	0.49351
106100	0.493906
106200	0.494414
106300	0.494877
106400	0.495328
106500	0.495891
106600	0.496277
106700	0.496669
106800	0.497096
106900	0.49752
107000	0.497912
107100	0.498307
107200	0.498726
107300	0.499131
107400	0.49951
107500	0.49996
107600	0.500402
107700	0.500863
107800	0.50137
107900	0.501777
108000	0.502171
108100	0.502612
108200	0.503057
108300	0.503465
108400	0.503882
108500	0.504281
108600	0.504682
108700	0.505127
108800	0.505543
108900	0.505947
109000	0.506372
109100	0.506844
109200	0.507249
109300	0.507644
109400	0.50805
109500	0.50845
109600	0.508858
109700	0.509296
109800	0.509731
109900	0.510141
110000	0.510762
110100	0.511193
110200	0.51161
110300	0.512054
110400	0.512492
110500	0.512891
110600	0.513295
110700	0.513791
110800	0.514206
110900	0.514642
111000	0.515147
111100	0.515574
111200	0.515994
111300	0.516479
111400	0.516899
111500	0.517313
111600	0.517798
111700	0.518213
111800	0.518637
111900	0.519169
112000	0.519586
112100	0.520036
112200	0.520614
112300	0.521093
112400	0.521652
112500	0.522107
112600	0.522532
112700	0.523026
112800	0.523464
112900	0.523877
113000	0.52444
113100	0.524852
113200	0.525304
113300	0.525827
113400	0.526264
113500	0.526694
113600	0.527166
113700	0.527598
113800	0.528008
113900	0.528588
114000	0.529018
114100	0.529456
114200	0.529911
114300	0.530342
114400	0.530781
114500	0.531279
114600	0.531731
114700	0.532168
114800	0.532621
114900	0.533029
115000	0.533427
115100	0.533849
115200	0.534252
115300	0.534681
115400	0.535097
115500	0.535602
115600	0.536045
115700	0.536469
115800	0.536894
115900	0.537349
116000	0.537771
116100	0.538222
116200	0.538678
116300	0.539134
116400	0.539663
116500	0.540147
116600	0.540771
116700	0.541217
116800	0.541679
116900	0.542225
117000	0.542742
117100	0.543228
117200	0.543698
117300	0.544194
117400	0.544636
117500	0.545111
117600	0.5456
117700	0.546144
117800	0.546604
117900	0.547059
118000	0.547609
118100	0.548056
118200	0.548523
118300	0.548956
118400	0.549584
118500	0.550063
118600	0.550542
118700	0.551066
118800	0.551654
118900	0.552106
119000	0.552577
119100	0.553125
119200	0.553585
119300	0.554055
119400	0.554602
119500	0.555078
119600	0.555542
119700	0.556201
119800	0.556674
119900	0.557268
120000	0.557765
120100	0.558224
120200	0.558726
120300	0.559202
120400	0.55986
120500	0.560334
120600	0.560779
120700	0.561307
120800	0.561791
120900	0.562265
121000	0.562823
121100	0.563303
121200	0.563843
121300	0.564317
121400	0.564774
121500	0.565261
121600	0.565688
121700	0.56614
121800	0.566684
121900	0.567103
122000	0.567536
122100	0.568058
122200	0.568499
122300	0.568949
122400	0.569393
122500	0.56983
122600	0.570267
122700	0.570795
122800	0.571268
122900	0.571727
123000	0.572238
123100	0.572701
123200	0.573145
123300	0.573599
123400	0.574082
123500	0.574566
123600	0.575132
123700	0.575602
123800	0.576105
123900	0.576537
124000	0.576979
124100	0.577486
124200	0.577922
124300	0.57845
124400	0.578886
124500	0.579327
124600	0.579769
124700	0.580304
124800	0.580798
124900	0.581312
125000	0.581908
125100	0.582376
125200	0.582811
125300	0.583296
125400	0.583792
125500	0.584383
125600	0.584894
125700	0.585378
125800	0.585981
125900	0.58649
126000	0.587045
126100	0.587532
126200	0.587983
126300	0.588516
126400	0.588943
126500	0.589399
126600	0.589946
126700	0.590447
126800	0.591041
126900	0.591546
127000	0.592093
127100	0.592548
127200	0.592986
127300	0.593439
127400	0.594009
127500	0.594499
127600	0.59499
127700	0.595512
127800	0.595957
127900	0.596414
128000	0.596985
128100	0.597446
128200	0.597989
128300	0.598511
128400	0.59898
128500	0.599551
128600	0.600031
128700	0.600505
128800	0.601095
128900	0.60158
129000	0.602116
129100	0.602563
129200	0.602993
129300	0.603454
129400	0.603898
129500	0.60435
129600	0.604888
129700	0.605331
129800	0.605801
129900	0.606289
130000	0.606757
130100	0.607183
130200	0.607747
130300	0.608236
130400	0.608734
130500	0.609268
130600	0.609799
130700	0.610374
130800	0.610858
130900	0.611334
131000	0.611848
131100	0.612305
131200	0.612768
131300	0.613316
131400	0.613776
131500	0.614227
131600	0.614765
131700	0.615273
131800	0.615771
131900	0.616214
132000	0.616666
132100	0.617175
132200	0.617654
132300	0.618104
132400	0.618548
132500	0.619001
132600	0.619435
132700	0.619975
132800	0.620429
132900	0.620996
133000	0.621464
133100	0.621934
133200	0.622507
133300	0.622956
133400	0.623435
133500	0.623886
133600	0.624348
133700	0.624848
133800	0.625322
133900	0.625792
134000	0.626222
134100	0.626715
134200	0.627172
134300	0.627615
134400	0.628086
134500	0.628551
134600	0.629027
134700	0.629511
134800	0.630012
134900	0.630542
135000	0.631061
135100	0.631756
135200	0.632183
135300	0.632623
135400	0.633062
135500	0.63355
135600	0.633997
135700	0.634449
135800	0.63506
135900	0.635502
136000	0.635965
136100	0.636497
136200	0.636931
136300	0.637477
136400	0.637977
136500	0.638394
136600	0.638861
136700	0.639304
136800	0.639747
136900	0.640309
137000	0.640788
137100	0.641221
137200	0.641692
137300	0.64214
137400	0.642598
137500	0.643152
137600	0.643621
137700	0.644081
137800	0.644542
137900	0.644991
138000	0.645422
138100	0.645885
138200	0.646338
138300	0.646786
138400	0.64732
138500	0.647753
138600	0.648149
138700	0.648765
138800	0.649202
138900	0.64969
139000	0.650181
139100	0.650663
139200	0.651274
139300	0.651805
139400	0.652249
139500	0.652756
139600	0.653208
139700	0.653667
139800	0.654218
139900	0.654666
140000	0.655129
140100	0.65557
140200	0.656038
140300	0.656489
140400	0.656902
140500	0.65733
140600	0.657784
140700	0.658274
140800	0.658743
140900	0.659208
141000	0.659652
141100	0.660189
141200	0.660641
141300	0.661131
141400	0.661633
141500	0.662064
141600	0.662515
141700	0.662955
141800	0.663445
141900	0.66391
142000	0.664381
142100	0.664879
142200	0.665331
142300	0.665869
142400	0.666357
142500	0.666831
142600	0.667277
142700	0.667714
142800	0.668139
142900	0.668581
143000	0.669111
143100	0.669554
143200	0.669982
143300	0.670546
143400	0.670995
143500	0.671516
143600	0.672088
143700	0.672607
143800	0.673063
143900	0.67352
144000	0.673952
144100	0.674534
144200	0.674966
144300	0.675382
144400	0.675873
144500	0.676284
144600	0.676715
144700	0.677202
144800	0.677659
144900	0.678116
145000	0.678589
145100	0.679035
145200	0.679457
145300	0.679954
145400	0.68041
145500	0.680865
145600	0.681398
145700	0.681835
145800	0.682434
145900	0.68286
146000	0.683301
146100	0.683867
146200	0.684346
146300	0.684784
146400	0.685389
146500	0.685836
146600	0.686273
146700	0.686851
146800	0.687283
146900	0.687721
147000	0.688211
147100	0.68866
147200	0.689142
147300	0.68968
147400	0.690135
147500	0.690722
147600	0.691189
147700	0.691639
147800	0.692111
147900	0.692579
148000	0.693004
148100	0.693571
148200	0.694025
148300	0.694525
148400	0.695034
148500	0.695508
148600	0.695923
148700	0.696511
148800	0.696952
148900	0.697506
149000	0.697968
149100	0.698484
149200	0.698935
149300	0.699372
149400	0.699848
149500	0.700322
149600	0.700833
149700	0.701297
149800	0.701898
149900	0.702412
150000	0.702936
150100	0.703456
150200	0.704144
150300	0.704608
150400	0.705072
150500	0.705492
150600	0.705965
150700	0.706386
150800	0.706815
150900	0.70726
151000	0.707756
151100	0.708197
151200	0.708649
151300	0.709099
151400	0.709545
151500	0.710017
151600	0.710511
151700	0.71102
151800	0.711517
151900	0.711944
152000	0.71258
152100	0.713004
152200	0.713392
152300	0.713844
152400	0.714286
152500	0.714737
152600	0.7153
152700	0.715729
152800	0.716148
152900	0.716615
153000	0.717067
153100	0.717512
153200	0.718023
153300	0.71846
153400	0.718915
153500	0.719415
153600	0.719866
153700	0.720311
153800	0.720908
153900	0.721416
154000	0.721901
154100	0.722375
154200	0.72283
154300	0.723385
154400	0.72381
154500	0.724229
154600	0.724771
154700	0.725237
154800	0.725757
154900	0.726281
155000	0.726719
155100	0.727164
155200	0.727627
155300	0.728084
155400	0.728527
155500	0.729108
155600	0.729545
155700	0.729998
155800	0.730493
155900	0.730975
156000	0.731533
156100	0.732001
156200	0.732552
156300	0.733058
156400	0.733476
156500	0.733928
156600	0.734566
156700	0.735049
156800	0.735496
156900	0.736124
157000	0.736641
157100	0.737152
157200	0.737648
157300	0.738216
157400	0.738692
157500	0.739165
157600	0.739713
157700	0.740247
157800	0.74077
157900	0.741324
158000	0.741809
158100	0.742267
158200	0.742721
158300	0.743135
158400	0.743605
158500	0.744168
158600	0.744693
158700	0.74521
158800	0.745723
158900	0.746234
159000	0.746721
159100	0.747186
159200	0.747646
159300	0.748085
159400	0.748504
159500	0.748984
159600	0.749411
159700	0.749858
159800	0.750362
159900	0.750945
160000	0.751525
160100	0.752061
160200	0.752497
160300	0.753016
160400	0.753693
160500	0.754163
160600	0.754626
160700	0.755063
160800	0.755497
160900	0.756228
161000	0.756677
161100	0.757103
161200	0.757595
161300	0.758043
161400	0.758542
161500	0.759041
161600	0.759496
161700	0.759943
161800	0.760479
161900	0.760935
162000	0.76151
162100	0.762031
162200	0.762472
162300	0.763064
162400	0.763525
162500	0.764049
162600	0.764646
162700	0.765246
162800	0.765759
162900	0.766218
163000	0.766673
163100	0.767167
163200	0.767641
163300	0.76817
163400	0.768852
163500	0.769443
163600	0.769996
163700	0.77055
163800	0.771101
163900	0.771715
164000	0.77221
164100	0.772681
164200	0.77318
164300	0.773627
164400	0.774214
164500	0.774671
164600	0.775242
164700	0.775718
164800	0.776163
164900	0.776709
165000	0.777198
165100	0.777677
165200	0.778156
165300	0.778679
165400	0.779124
165500	0.779633
165600	0.7801
165700	0.780564
165800	0.781047
165900	0.781542
166000	0.782085
166100	0.782538
166200	0.783125
166300	0.783593
166400	0.784061
166500	0.784576
166600	0.785083
166700	0.785521
166800	0.785959
166900	0.78653
167000	0.786985
167100	0.787466
167200	0.787906
167300	0.788443
167400	0.788905
167500	0.789354
167600	0.789811
167700	0.790441
167800	0.790918
167900	0.791521
168000	0.792024
168100	0.792476
168200	0.793023
168300	0.793439
168400	0.793887
168500	0.794382
168600	0.79483
168700	0.795284
168800	0.795843
168900	0.796313
169000	0.796944
169100	0.797584
169200	0.798127
169300	0.798795
169400	0.799254
169500	0.799768
169600	0.800237
169700	0.800688
169800	0.801198
169900	0.801687
170000	0.802152
170100	0.802715
170200	0.803216
170300	0.80382
170400	0.804297
170500	0.804744
170600	0.805285
170700	0.805797
170800	0.806251
170900	0.806717
171000	0.807189
171100	0.807665
171200	0.80822
171300	0.808672
171400	0.809215
171500	0.809715
171600	0.810276
171700	0.810957
171800	0.811487
171900	0.812039
172000	0.812476
172100	0.812913
172200	0.813411
172300	0.813815
172400	0.81425
172500	0.814785
172600	0.815223
172700	0.815655
172800	0.816112
172900	0.816533
173000	0.816964
173100	0.817432
173200	0.817876
173300	0.818297
173400	0.818734
173500	0.819189
173600	0.819643
173700	0.820064
173800	0.820501
173900	0.820904
174000	0.821319
174100	0.821769
174200	0.822281
174300	0.822671
174400	0.823121
174500	0.82352
174600	0.823948
174700	0.824374
174800	0.824787
174900	0.82523
175000	0.825706
175100	0.826163
175200	0.826587
175300	0.826993
175400	0.827629
175500	0.828048
175600	0.828487
175700	0.828919
175800	0.829375
175900	0.829884
176000	0.830348
176100	0.830807
176200	0.831322
176300	0.831766
176400	0.832176
176500	0.832742
176600	0.833337
176700	0.833774
176800	0.834183
176900	0.834615
177000	0.835165
177100	0.835605
177200	0.836106
177300	0.836714
177400	0.837185
177500	0.83761
177600	0.838191
177700	0.838601
177800	0.839027
177900	0.839596
178000	0.840023
178100	0.840456
178200	0.841003
178300	0.841443
178400	0.841957
178500	0.8424
178600	0.842823
178700	0.843359
178800	0.843781
178900	0.844255
179000	0.84468
179100	0.845113
179200	0.845522
179300	0.846052
179400	0.846481
179500	0.846927
179600	0.84745
179700	0.847892
179800	0.848336
179900	0.848936
180000	0.849366
180100	0.849821
180200	0.850268
180300	0.850751
180400	0.851224
180500	0.851686
180600	0.852115
180700	0.852573
180800	0.853078
180900	0.85358
181000	0.854074
181100	0.854547
181200	0.854999
181300	0.855593
181400	0.856043
181500	0.856489
181600	0.856985
181700	0.857422
181800	0.857862
181900	0.858316
182000	0.858774
182100	0.859213
182200	0.859687
182300	0.860107
182400	0.860546
182500	0.861048
182600	0.861526
182700	0.861972
182800	0.862425
182900	0.862872
183000	0.863403
183100	0.863945
183200	0.864367
183300	0.864809
183400	0.865239
183500	0.865697
183600	0.866138
183700	0.866758
183800	0.867187
183900	0.867632
184000	0.868087
184100	0.868523
184200	0.86894
184300	0.869488
184400	0.869915
184500	0.870382
184600	0.870967
184700	0.871481
184800	0.872024
184900	0.872571
185000	0.873143
185100	0.873706
185200	0.874143
185300	0.87466
185400	0.875109
185500	0.875549
185600	0.876074
185700	0.876509
185800	0.876957
185900	0.877559
186000	0.878048
186100	0.87854
186200	0.879027
186300	0.879472
186400	0.879968
186500	0.880509
186600	0.880958
186700	0.881561
186800	0.88201
186900	0.882444
187000	0.882874
187100	0.88331
187200	0.883715
187300	0.884344
187400	0.884784
187500	0.885239
187600	0.885787
187700	0.886224
187800	0.886692
187900	0.887251
188000	0.88773
188100	0.888365
188200	0.888877
188300	0.889374
188400	0.88984
188500	0.890327
188600	0.890822
188700	0.891397
188800	0.89186
188900	0.892411
189000	0.892854
189100	0.893299
189200	0.893756
189300	0.894232
189400	0.894683
189500	0.895259
189600	0.895769
189700	0.896219
189800	0.896659
189900	0.897221
190000	0.897778
190100	0.898251
190200	0.898721
190300	0.899301
190400	0.899755
190500	0.900174
190600	0.900663
190700	0.901112
190800	0.901558
190900	0.902029
191000	0.902471
191100	0.902955
191200	0.903433
191300	0.903893
191400	0.904376
191500	0.904841
191600	0.905351
191700	0.90579
191800	0.906343
191900	0.906776
192000	0.907218
192100	0.907792
192200	0.908247
192300	0.908795
192400	0.909241
192500	0.909716
192600	0.91032
192700	0.910784
192800	0.91124
192900	0.91173
193000	0.912166
193100	0.912632
193200	0.913158
193300	0.913579
193400	0.914046
193500	0.914592
193600	0.915201
193700	0.915863
193800	0.916601
193900	0.917162
194000	0.917744
194100	0.918402
194200	0.918905
194300	0.919333
194400	0.919815
194500	0.920385
194600	0.920843
194700	0.921338
194800	0.92177
194900	0.922235
195000	0.92269
195100	0.923194
195200	0.923751
195300	0.924261
195400	0.924685
195500	0.925181
195600	0.92574
195700	0.926178
195800	0.926628
195900	0.927082
196000	0.92767
196100	0.928155
196200	0.928605
196300	0.929053
196400	0.929653
196500	0.930108
196600	0.930682
196700	0.931165
196800	0.931601
196900	0.93213
197000	0.932587
197100	0.933039
197200	0.933525
197300	0.933959
197400	0.934403
197500	0.935052
197600	0.935575
197700	0.936058
197800	0.936506
197900	0.937003
198000	0.937631
198100	0.938149
198200	0.938721
198300	0.93915
198400	0.939603
198500	0.94005
198600	0.94051
198700	0.940944
198800	0.941392
198900	0.941852
199000	0.942289
199100	0.942766
199200	0.943189
199300	0.943579
199400	0.944033
199500	0.944557
199600	0.945099
199700	0.945654
199800	0.946138
199900	0.946553
200000	0.947047
200100	0.94758
200200	0.948029
200300	0.94848
200400	0.949094
200500	0.949585
200600	0.950072
200700	0.950559
200800	0.951152
200900	0.951636
201000	0.952047
201100	0.952556
201200	0.953016
201300	0.953458
201400	0.954082
201500	0.954566
201600	0.955016
201700	0.955546
201800	0.956019
201900	0.956455
202000	0.956912
202100	0.957363
202200	0.957827
202300	0.958287
202400	0.958738
202500	0.959178
202600	0.959618
202700	0.96005
202800	0.960474
202900	0.960899
203000	0.961318
203100	0.961724
203200	0.96221
203300	0.962629
203400	0.963096
203500	0.963622
203600	0.964084
203700	0.964613
203800	0.965146
203900	0.965681
204000	0.966161
204100	0.966678
204200	0.967102
204300	0.967621
204400	0.968084
204500	0.968517
204600	0.969044
204700	0.96951
204800	0.970058
204900	0.970529
205000	0.970979
205100	0.971508
205200	0.971982
205300	0.972472
205400	0.972925
205500	0.973365
205600	0.973808
205700	0.974283
205800	0.974735
205900	0.975186
206000	0.975693
206100	0.97612
206200	0.976575
206300	0.977053
206400	0.977485
206500	0.977988
206600	0.978459
206700	0.978886
206800	0.979338
206900	0.979792
207000	0.980228
207100	0.980678
207200	0.981143
207300	0.981575
207400	0.982019
207500	0.982468
207600	0.982898
207700	0.983383
207800	0.983851
207900	0.984321
208000	0.984773
208100	0.985372
208200	0.985902
208300	0.986343
208400	0.986817
208500	0.987346
208600	0.987845
208700	0.988298
208800	0.988907
208900	0.989352
209000	0.98981
209100	0.990295
209200	0.990793
209300	0.991257
209400	0.991741
209500	0.992203
209600	0.992633
209700	0.993089
209800	0.993534
209900	0.993989
210000	0.994727
210100	0.995186
210200	0.995623
210300	0.996148
210400	0.99661
210500	0.997049
210600	0.997641
210700	0.998072
210800	0.998512
210900	0.998957
211000	0.999369
211100	0.999827
211200	1.0004
211300	1.00088
211400	1.00137
211500	1.00184
211600	1.00229
211700	1.00282
211800	1.00324
211900	1.0037
212000	1.00419
212100	1.00466
212200	1.00528
212300	1.00595
212400	1.00638
212500	1.00682
212600	1.00726
212700	1.0077
212800	1.00822
212900	1.0087
213000	1.00916
213100	1.00974
213200	1.01018
213300	1.01064
213400	1.01122
213500	1.01168
213600	1.01213
213700	1.01263
213800	1.01313
213900	1.01358
214000	1.01404
214100	1.01448
214200	1.01495
214300	1.0156
214400	1.0161
214500	1.01657
214600	1.01707
214700	1.01751
214800	1.018
214900	1.01844
215000	1.01888
215100	1.01934
215200	1.0198
215300	1.02028
215400	1.02077
215500	1.02126
215600	1.02177
215700	1.02227
215800	1.02274
215900	1.02318
216000	1.02364
216100	1.0241
216200	1.02456
216300	1.02508
216400	1.02567
216500	1.02618
216600	1.02661
216700	1.02712
216800	1.02766
216900	1.02813
217000	1.02859
217100	1.02923
217200	1.02967
217300	1.03013
217400	1.03056
217500	1.031
217600	1.03161
217700	1.03204
217800	1.03246
217900	1.03304
218000	1.03352
218100	1.03395
218200	1.03444
218300	1.0349
218400	1.03533
218500	1.03587
218600	1.0363
218700	1.03687
218800	1.03732
218900	1.03777
219000	1.03838
219100	1.03883
219200	1.03933
219300	1.03977
219400	1.04022
219500	1.04067
219600	1.04123
219700	1.04172
219800	1.0422
219900	1.04266
220000	1.04312
220100	1.04357
220200	1.04415
220300	1.04458
220400	1.0451
220500	1.0457
220600	1.04618
220700	1.04675
220800	1.04728
220900	1.04781
221000	1.04825
221100	1.04869
221200	1.04926
221300	1.04974
221400	1.05016
221500	1.05068
221600	1.05114
221700	1.05158
221800	1.05202
221900	1.05248
222000	1.05293
222100	1.05349
222200	1.05393
222300	1.05437
222400	1.05486
222500	1.05544
222600	1.05606
222700	1.05652
222800	1.057
222900	1.05745
223000	1.0579
223100	1.05836
223200	1.05891
223300	1.05935
223400	1.05978
223500	1.06024
223600	1.0608
223700	1.06135
223800	1.06187
223900	1.06232
224000	1.06277
224100	1.06322
224200	1.06366
224300	1.06411
224400	1.06457
224500	1.06505
224600	1.06568
224700	1.06614
224800	1.06658
224900	1.06723
225000	1.06777
225100	1.06827
225200	1.06881
225300	1.06928
225400	1.06993
225500	1.07038
225600	1.07084
225700	1.07141
225800	1.07187
225900	1.0724
226000	1.07291
226100	1.07339
226200	1.07384
226300	1.0743
226400	1.07475
226500	1.0754
226600	1.07591
226700	1.07639
226800	1.07684
226900	1.07736
227000	1.07797
227100	1.07853
227200	1.07909
227300	1.07961
227400	1.0801
227500	1.08069
227600	1.08119
227700	1.08175
227800	1.0823
227900	1.08283
228000	1.08335
228100	1.08381
228200	1.08424
228300	1.08471
228400	1.08515
228500	1.0856
228600	1.0862
228700	1.08664
228800	1.08711
228900	1.0876
229000	1.08809
229100	1.08866
229200	1.08915
229300	1.08962
229400	1.09009
229500	1.09057
229600	1.09103
229700	1.09158
229800	1.092
229900	1.09248
230000	1.09304
230100	1.09347
230200	1.09392
230300	1.09435
230400	1.09475
230500	1.09517
230600	1.09562
230700	1.09606
230800	1.0965
230900	1.09697
231000	1.09744
231100	1.09789
231200	1.0984
231300	1.09885
231400	1.0993
231500	1.09978
231600	1.10024
231700	1.10079
231800	1.10131
231900	1.10185
232000	1.10241
232100	1.10288
232200	1.10337
232300	1.10383
232400	1.10429
232500	1.10473
232600	1.10527
232700	1.10574
232800	1.1062
232900	1.10665
233000	1.1071
233100	1.10757
233200	1.10804
233300	1.10851
233400	1.10904
233500	1.10961
233600	1.11013
233700	1.11082
233800	1.11131
233900	1.11186
234000	1.11241
234100	1.11286
234200	1.11344
234300	1.11402
234400	1.11456
234500	1.11503
234600	1.11558
234700	1.11621
234800	1.11674
234900	1.1172
235000	1.11778
235100	1.11827
235200	1.11891
235300	1.11942
235400	1.11988
235500	1.12038
235600	1.1209
235700	1.12155
235800	1.12203
235900	1.12255
236000	1.12316
236100	1.12367
236200	1.12419
236300	1.12465
236400	1.12512
236500	1.12566
236600	1.12614
236700	1.12657
236800	1.12716
236900	1.12759
237000	1.12803
237100	1.12862
237200	1.12905
237300	1.12958
237400	1.13011
237500	1.13055
237600	1.13114
237700	1.13157
237800	1.13203
237900	1.13261
238000	1.13307
238100	1.13347
238200	1.13398
238300	1.13444
238400	1.13489
238500	1.13539
238600	1.13585
238700	1.13633
238800	1.13681
238900	1.13729
239000	1.1378
239100	1.13826
239200	1.13869
239300	1.13924
239400	1.13972
239500	1.14017
239600	1.14064
239700	1.14108
239800	1.14151
239900	1.14207
240000	1.14253
240100	1.14299
240200	1.14353
240300	1.14395
240400	1.14437
240500	1.14482
240600	1.14531
240700	1.14577
240800	1.14659
240900	1.14706
241000	1.1475
241100	1.14793
241200	1.1484
241300	1.14888
241400	1.14936
241500	1.14981
241600	1.15026
241700	1.15071
241800	1.15119
241900	1.15165
242000	1.15222
242100	1.15273
242200	1.15316
242300	1.15359
242400	1.15412
242500	1.15459
242600	1.15499
242700	1.15549
242800	1.15591
242900	1.15636
243000	1.15689
243100	1.15732
243200	1.15778
243300	1.15834
243400	1.1588
243500	1.15925
243600	1.15977
243700	1.16022
243800	1.16065
243900	1.16118
244000	1.16162
244100	1.16214
244200	1.16259
244300	1.16304
244400	1.16349
244500	1.16397
244600	1.16439
244700	1.16485
244800	1.16537
244900	1.16579
245000	1.1662
245100	1.1667
245200	1.16714
245300	1.16758
245400	1.16808
245500	1.16849
245600	1.16895
245700	1.16953
245800	1.16996
245900	1.17048
246000	1.17093
246100	1.17137
246200	1.17198
246300	1.17244
246400	1.17287
246500	1.17342
246600	1.17386
246700	1.17429
246800	1.17486
246900	1.17528
247000	1.17571
247100	1.17616
247200	1.17659
247300	1.17702
247400	1.17755
247500	1.17799
247600	1.17842
247700	1.17888
247800	1.1793
247900	1.17973
248000	1.1802
248100	1.18064
248200	1.18107
248300	1.18152
248400	1.18195
248500	1.18241
248600	1.18294
248700	1.18338
248800	1.18382
248900	1.18426
249000	1.18468
249100	1.18515
249200	1.18559
249300	1.18606
249400	1.18651
249500	1.187
249600	1.18742
249700	1.18785
249800	1.18829
249900	1.18872
250000	1.18919
250100	1.18965
250200	1.19011
250300	1.19056
250400	1.19128
250500	1.19171
250600	1.19216
250700	1.19278
250800	1.19321
250900	1.1938
251000	1.19423
251100	1.19464
251200	1.19519
251300	1.19566
251400	1.1961
251500	1.19656
251600	1.197
251700	1.19743
251800	1.19786
251900	1.19827
252000	1.19873
252100	1.1992
252200	1.19965
252300	1.20014
252400	1.20074
252500	1.20123
252600	1.20169
252700	1.20214
252800	1.20258
252900	1.20303
253000	1.20363
253100	1.20408
253200	1.20456
253300	1.20499
253400	1.2054
253500	1.20591
253600	1.20638
253700	1.20684
253800	1.20731
253900	1.20778
254000	1.20825
254100	1.20883
254200	1.20931
254300	1.20977
254400	1.21022
254500	1.21064
254600	1.2111
254700	1.21168
254800	1.21213
254900	1.21269
255000	1.21315
255100	1.21359
255200	1.21405
255300	1.21452
255400	1.21496
255500	1.21557
255600	1.21603
255700	1.21645
255800	1.21691
255900	1.21736
256000	1.2178
256100	1.21825
256200	1.21868
256300	1.21911
256400	1.21953
256500	1.21998
256600	1.22042
256700	1.22095
256800	1.22138
256900	1.22187
257000	1.22242
257100	1.22282
257200	1.22322
257300	1.22376
257400	1.2242
257500	1.22463
257600	1.22507
257700	1.22546
257800	1.22587
257900	1.22629
258000	1.22675
258100	1.22718
258200	1.22762
258300	1.22807
258400	1.22851
258500	1.22901
258600	1.22956
258700	1.23019
258800	1.23066
258900	1.23111
259000	1.23154
259100	1.2322
259200	1.23265
259300	1.23316
259400	1.2336
259500	1.23406
259600	1.23462
259700	1.23507
259800	1.23552
259900	1.23602
260000	1.23646
260100	1.2369
260200	1.23746
260300	1.23788
260400	1.23833
260500	1.23895
260600	1.23937
260700	1.2398
260800	1.24038
260900	1.24083
261000	1.24131
261100	1.24173
261200	1.24218
261300	1.24271
261400	1.24329
261500	1.24375
261600	1.24441
261700	1.24485
261800	1.24531
261900	1.24594
262000	1.24639
262100	1.24686
262200	1.24731
262300	1.24775
262400	1.24834
262500	1.2488
262600	1.24928
262700	1.24974
262800	1.2502
262900	1.25067
263000	1.25118
263100	1.25163
263200	1.25206
263300	1.25251
263400	1.25295
263500	1.25339
263600	1.25384
263700	1.25425
263800	1.25465
263900	1.25515
264000	1.25558
264100	1.25604
264200	1.25649
264300	1.25693
264400	1.25736
264500	1.25797
264600	1.25843
264700	1.25886
264800	1.25934
264900	1.25978
265000	1.26025
265100	1.26077
265200	1.2613
265300	1.26174
265400	1.26216
265500	1.26263
265600	1.26307
265700	1.26358
265800	1.26402
265900	1.26442
266000	1.26485
266100	1.26529
266200	1.26571
266300	1.26619
266400	1.26663
266500	1.26706
266600	1.26745
266700	1.26788
266800	1.26832
266900	1.26879
267000	1.26937
267100	1.26979
267200	1.27025
267300	1.27069
267400	1.27111
267500	1.27162
267600	1.27206
267700	1.27252
267800	1.27306
267900	1.27348
268000	1.27392
268100	1.27438
268200	1.27482
268300	1.27524
268400	1.27572
268500	1.27617
268600	1.27661
268700	1.27716
268800	1.27761
268900	1.27818
269000	1.27861
269100	1.27908
269200	1.27965
269300	1.28009
269400	1.28055
269500	1.28114
269600	1.28163
269700	1.28207
269800	1.28278
269900	1.28322
270000	1.28366
270100	1.28411
270200	1.28455
270300	1.28515
270400	1.2856
270500	1.28603
270600	1.2865
270700	1.28695
270800	1.28736
270900	1.28797
271000	1.2884
271100	1.28882
271200	1.28946
271300	1.2899
271400	1.29046
271500	1.29091
271600	1.29133
271700	1.29187
271800	1.2923
271900	1.29274
272000	1.29315
272100	1.29359
272200	1.294
272300	1.2945
272400	1.29492
272500	1.29536
272600	1.29576
272700	1.2962
272800	1.29663
272900	1.29705
273000	1.29757
273100	1.29799
273200	1.29838
273300	1.29879
273400	1.2992
273500	1.29963
273600	1.30011
273700	1.30052
273800	1.30094
273900	1.30139
274000	1.30183
274100	1.30225
274200	1.30266
274300	1.30313
274400	1.30355
274500	1.30396
274600	1.30441
274700	1.30479
274800	1.3052
274900	1.30565
275000	1.30607
275100	1.30653
275200	1.30703
275300	1.3076
275400	1.30807
275500	1.3085
275600	1.30891
275700	1.30933
275800	1.30988
275900	1.31029
276000	1.31071
276100	1.31122
276200	1.31163
276300	1.31203
276400	1.31251
276500	1.31294
276600	1.31337
276700	1.31377
276800	1.31421
276900	1.31464
277000	1.31516
277100	1.31558
277200	1.31603
277300	1.31645
277400	1.31688
277500	1.3173
277600	1.31781
277700	1.31827
277800	1.31886
277900	1.31928
278000	1.31971
278100	1.32014
278200	1.3207
278300	1.32114
278400	1.32156
278500	1.3221
278600	1.32252
278700	1.32293
278800	1.3235
278900	1.32395
279000	1.3244
279100	1.3248
279200	1.32524
279300	1.32565
279400	1.32624
279500	1.32669
279600	1.3271
279700	1.32763
279800	1.32808
279900	1.32862
280000	1.32916
280100	1.32967
280200	1.3302
280300	1.33063
280400	1.33105
280500	1.33151
280600	1.33195
280700	1.33243
280800	1.3329
280900	1.33328
281000	1.33373
281100	1.33421
281200	1.33464
281300	1.33509
281400	1.33566
281500	1.33613
281600	1.33658
281700	1.33702
281800	1.33747
281900	1.33791
282000	1.33837
282100	1.33884
282200	1.33929
282300	1.33975
282400	1.34021
282500	1.34071
282600	1.34119
282700	1.34162
282800	1.34206
282900	1.34256
283000	1.34297
283100	1.34341
283200	1.34382
283300	1.34428
283400	1.34472
283500	1.34518
283600	1.3457
283700	1.34615
283800	1.34661
283900	1.34703
284000	1.34746
284100	1.34787
284200	1.34829
284300	1.34873
284400	1.34928
284500	1.34971
284600	1.35012
284700	1.35069
284800	1.35108
284900	1.35151
285000	1.35216
285100	1.3526
285200	1.35306
285300	1.35363
285400	1.35408
285500	1.35457
285600	1.35501
285700	1.35544
285800	1.356
285900	1.35646
286000	1.35689
286100	1.35752
286200	1.35793
286300	1.3584
286400	1.35898
286500	1.35942
286600	1.3599
286700	1.36036
286800	1.36077
286900	1.36117
287000	1.36175
287100	1.36217
287200	1.36269
287300	1.36318
287400	1.36361
287500	1.36403
287600	1.36447
287700	1.36491
287800	1.36556
287900	1.36599
288000	1.36644
288100	1.36702
288200	1.36745
288300	1.36788
288400	1.36834
288500	1.36878
288600	1.36923
288700	1.36968
288800	1.3701
288900	1.37051
289000	1.37094
289100	1.37135
289200	1.37176
289300	1.3723
289400	1.37273
289500	1.37314
289600	1.37352
289700	1.37398
289800	1.37447
289900	1.37498
290000	1.37542
290100	1.37584
290200	1.3764
290300	1.37684
290400	1.37727
290500	1.37772
290600	1.37816
290700	1.37861
290800	1.37908
290900	1.37948
291000	1.37994
291100	1.38037
291200	1.38083
291300	1.38128
291400	1.38179
291500	1.3823
291600	1.38272
291700	1.3833
291800	1.38378
291900	1.38441
292000	1.38485
292100	1.38532
292200	1.38581
292300	1.38623
292400	1.38667
292500	1.38722
292600	1.38766
292700	1.3881
292800	1.3886
292900	1.38905
293000	1.38949
293100	1.39
293200	1.39046
293300	1.39091
293400	1.39142
293500	1.39183
293600	1.39228
293700	1.39281
293800	1.39328
293900	1.3937
294000	1.39418
294100	1.39462
294200	1.39506
294300	1.39563
294400	1.39605
294500	1.39646
294600	1.39697
294700	1.39744
294800	1.39789
294900	1.39841
295000	1.39887
295100	1.39932
295200	1.39986
295300	1.40028
295400	1.4007
295500	1.40124
295600	1.40166
295700	1.4021
295800	1.40272
295900	1.40316
296000	1.40376
296100	1.40422
296200	1.40468
296300	1.40526
296400	1.40572
296500	1.40615
296600	1.40657
296700	1.40701
296800	1.40746
296900	1.40803
297000	1.40845
297100	1.40889
297200	1.40941
297300	1.40983
297400	1.41027
297500	1.41069
297600	1.41109
297700	1.41151
297800	1.41204
297900	1.41245
298000	1.4129
298100	1.41334
298200	1.41376
298300	1.41418
298400	1.41474
298500	1.41516
298600	1.4156
298700	1.41607
298800	1.41648
298900	1.41691
299000	1.41737
299100	1.41781
299200	1.41827
299300	1.41875
299400	1.41927
299500	1.41971
299600	1.42017
299700	1.42062
299800	1.42107
299900	1.42156
300000	1.42199
300100	1.42264
300200	1.42305
300300	1.42352
300400	1.42399
300500	1.42441
300600	1.42487
300700	1.42539
300800	1.42583
300900	1.4263
301000	1.42686
301100	1.42732
301200	1.42774
301300	1.42826
301400	1.42869
301500	1.42922
301600	1.42972
301700	1.43023
301800	1.43067
301900	1.43122
302000	1.43166
302100	1.43206
302200	1.43253
302300	1.43296
302400	1.43339
302500	1.43395
302600	1.43438
302700	1.43493
302800	1.43538
302900	1.43586
303000	1.4364
303100	1.43685
303200	1.4373
303300	1.43784
303400	1.43826
303500	1.43869
303600	1.43925
303700	1.43971
303800	1.44013
303900	1.44064
304000	1.44108
304100	1.44169
304200	1.44213
304300	1.44257
304400	1.44322
304500	1.44377
304600	1.4442
304700	1.44471
304800	1.44516
304900	1.44556
305000	1.44609
305100	1.44652
305200	1.44696
305300	1.44742
305400	1.44785
305500	1.44829
305600	1.44875
305700	1.44918
305800	1.44962
305900	1.45009
306000	1.4505
306100	1.45094
306200	1.45149
306300	1.45192
306400	1.45242
306500	1.45287
306600	1.45334
306700	1.45379
306800	1.45423
306900	1.45466
307000	1.4551
307100	1.45554
307200	1.45594
307300	1.45638
307400	1.45679
307500	1.45723
307600	1.45766
307700	1.45814
307800	1.45857
307900	1.45898
308000	1.4594
308100	1.45986
308200	1.46032
308300	1.46076
308400	1.46137
308500	1.46178
308600	1.46224
308700	1.46267
308800	1.46308
308900	1.46373
309000	1.46418
309100	1.4646
309200	1.46518
309300	1.46562
309400	1.46607
309500	1.46661
309600	1.46703
309700	1.46747
309800	1.468
309900	1.46844
310000	1.46886
310100	1.46942
310200	1.46984
310300	1.47039
310400	1.47085
310500	1.47127
310600	1.47182
310700	1.47225
310800	1.47269
310900	1.47336
311000	1.47377
311100	1.47418
311200	1.47467
311300	1.4751
311400	1.47551
311500	1.47593
311600	1.47633
311700	1.47675
311800	1.47728
311900	1.47772
312000	1.47816
312100	1.47868
312200	1.47912
312300	1.47955
312400	1.48009
312500	1.48058
312600	1.481
312700	1.48143
312800	1.48188
312900	1.48233
313000	1.48284
313100	1.48326
313200	1.48368
313300	1.48422
313400	1.48469
313500	1.4851
313600	1.48554
313700	1.48596
313800	1.48639
313900	1.48684
314000	1.48727
314100	1.4877
314200	1.48814
314300	1.48856
314400	1.48898
314500	1.48959
314600	1.49002
314700	1.49042
314800	1.4909
314900	1.49136
315000	1.49178
315100	1.49223
315200	1.49267
315300	1.49311
315400	1.49355
315500	1.49394
315600	1.49438
315700	1.49479
315800	1.49524
315900	1.49567
316000	1.4961
316100	1.49658
316200	1.49699
316300	1.49741
316400	1.49794
316500	1.49839
316600	1.49884
316700	1.49953
316800	1.49996
316900	1.5005
317000	1.50093
317100	1.50135
317200	1.50191
317300	1.50235
317400	1.5028
317500	1.50323
317600	1.50364
317700	1.50405
317800	1.5046
317900	1.50503
318000	1.50547
318100	1.50598
318200	1.50643
318300	1.50688
318400	1.5074
318500	1.50781
318600	1.50834
318700	1.50883
318800	1.50926
318900	1.50967
319000	1.51019
319100	1.51062
319200	1.51103
319300	1.5117
319400	1.51213
319500	1.51264
319600	1.5131
319700	1.51352
319800	1.51411
319900	1.51454
320000	1.51498
320100	1.51553
320200	1.51594
320300	1.51636
320400	1.51692
320500	1.51735
320600	1.51778
320700	1.51836
320800	1.51891
320900	1.51972
321000	1.52024
321100	1.52079
321200	1.52127
321300	1.52175
321400	1.5223
321500	1.5228
321600	1.52322
321700	1.52369
321800	1.52414
321900	1.52459
322000	1.52505
322100	1.5255
322200	1.52595
322300	1.52645
322400	1.52689
322500	1.52732
322600	1.5278
322700	1.52825
322800	1.52867
322900	1.52922
323000	1.52966
323100	1.53009
323200	1.53062
323300	1.53108
323400	1.53151
323500	1.53196
323600	1.53241
323700	1.53286
323800	1.53334
323900	1.53378
324000	1.53423
324100	1.53479
324200	1.5353
324300	1.53578
324400	1.53631
324500	1.53679
324600	1.53731
324700	1.53776
324800	1.53818
324900	1.53865
325000	1.53922
325100	1.53962
325200	1.54008
325300	1.54056
325400	1.54102
325500	1.54162
325600	1.54211
325700	1.54274
325800	1.54318
325900	1.54363
326000	1.54421
326100	1.54468
326200	1.54513
326300	1.54591
326400	1.54637
326500	1.54702
326600	1.54753
326700	1.54801
326800	1.54849
326900	1.54891
327000	1.54947
327100	1.54993
327200	1.55042
327300	1.55095
327400	1.55137
327500	1.55181
327600	1.55244
327700	1.55288
327800	1.5533
327900	1.55376
328000	1.55418
328100	1.55459
328200	1.55514
328300	1.55559
328400	1.55609
328500	1.55668
328600	1.55715
328700	1.55772
328800	1.55821
328900	1.55864
329000	1.55918
329100	1.55962
329200	1.56011
329300	1.56068
329400	1.56116
329500	1.5617
329600	1.56216
329700	1.56268
329800	1.56316
329900	1.5636
330000	1.56405
330100	1.56458
330200	1.56503
330300	1.56544
330400	1.5659
330500	1.56637
330600	1.5668
330700	1.56733
330800	1.56783
330900	1.56827
331000	1.56872
331100	1.56922
331200	1.56999
331300	1.57045
331400	1.57088
331500	1.57139
331600	1.57182
331700	1.57227
331800	1.57283
331900	1.57332
332000	1.57377
332100	1.57424
332200	1.57467
332300	1.57517
332400	1.57568
332500	1.57614
332600	1.5766
332700	1.57701
332800	1.57743
332900	1.5779
333000	1.57837
333100	1.57881
333200	1.57945
333300	1.57994
333400	1.58039
333500	1.58094
333600	1.58145
333700	1.58193
333800	1.58248
333900	1.58294
334000	1.5834
334100	1.58393
334200	1.58441
334300	1.58496
334400	1.58539
334500	1.58584
334600	1.58638
334700	1.58679
334800	1.58729
334900	1.58785
335000	1.58832
335100	1.58875
335200	1.58939
335300	1.58982
335400	1.59029
335500	1.59075
335600	1.59119
335700	1.59168
335800	1.59214
335900	1.59256
336000	1.5931
336100	1.59356
336200	1.594
336300	1.59455
336400	1.59498
336500	1.59541
336600	1.59606
336700	1.59649
336800	1.59693
336900	1.59758
337000	1.59799
337100	1.59846
337200	1.59888
337300	1.59933
337400	1.5999
337500	1.60039
337600	1.60096
337700	1.60153
337800	1.60201
337900	1.6025
338000	1.60291
338100	1.60353
338200	1.60406
338300	1.60449
338400	1.60493
338500	1.60536
338600	1.60577
338700	1.6062
338800	1.60672
338900	1.60715
339000	1.60757
339100	1.60798
339200	1.6085
339300	1.60893
339400	1.60938
339500	1.6098
339600	1.61022
339700	1.61066
339800	1.61114
339900	1.61159
340000	1.612
340100	1.61252
340200	1.61294
340300	1.61336
340400	1.6138
340500	1.61423
340600	1.61466
340700	1.61512
340800	1.61554
340900	1.61595
341000	1.61639
341100	1.61683
341200	1.61721
341300	1.61764
341400	1.61809
341500	1.61871
341600	1.61926
341700	1.61969
341800	1.62016
341900	1.62062
342000	1.62107
342100	1.62151
342200	1.62193
342300	1.62238
342400	1.6228
342500	1.6232
342600	1.62359
342700	1.62401
342800	1.6246
342900	1.62503
343000	1.6255
343100	1.62608
343200	1.62652
343300	1.62693
343400	1.62748
343500	1.6279
343600	1.62835
343700	1.62899
343800	1.62944
343900	1.63
344000	1.63041
344100	1.63089
344200	1.63134
344300	1.6318
344400	1.63227
344500	1.63281
344600	1.63329
344700	1.63372
344800	1.6342
344900	1.63467
345000	1.6351
345100	1.63571
345200	1.63612
345300	1.63662
345400	1.63709
345500	1.63757
345600	1.63814
345700	1.63857
345800	1.63902
345900	1.63958
346000	1.64009
346100	1.64054
346200	1.64106
346300	1.64155
346400	1.642
346500	1.64247
346600	1.64289
346700	1.6433
346800	1.64376
346900	1.64418
347000	1.64462
347100	1.64515
347200	1.64556
347300	1.64599
347400	1.64644
347500	1.64685
347600	1.64728
347700	1.64793
347800	1.64838
347900	1.64878
348000	1.64918
348100	1.64965
348200	1.65004
348300	1.65059
348400	1.651
348500	1.65144
348600	1.65188
348700	1.65233
348800	1.65276
348900	1.65323
349000	1.65372
349100	1.65416
349200	1.65463
349300	1.65508
349400	1.65553
349500	1.65601
349600	1.65655
349700	1.65708
349800	1.65779
349900	1.65827
350000	1.65872
350100	1.65913
350200	1.65956
350300	1.66012
350400	1.66062
350500	1.66118
350600	1.66165
350700	1.66209
350800	1.66267
350900	1.66309
351000	1.6635
351100	1.66396
351200	1.66443
351300	1.66487
351400	1.66541
351500	1.66589
351600	1.66634
351700	1.66687
351800	1.6673
351900	1.66775
352000	1.66836
352100	1.66878
352200	1.66923
352300	1.6699
352400	1.67034
352500	1.67082
352600	1.67123
352700	1.67167
352800	1.67215
352900	1.67257
353000	1.67297
353100	1.67346
353200	1.67396
353300	1.67442
353400	1.67495
353500	1.67535
353600	1.67589
353700	1.67643
353800	1.67684
353900	1.67729
354000	1.67786
354100	1.67836
354200	1.67892
354300	1.67946
354400	1.67998
354500	1.68051
354600	1.681
354700	1.68149
354800	1.68199
354900	1.68254
355000	1.68298
355100	1.68342
355200	1.68391
355300	1.68443
355400	1.68491
355500	1.68546
355600	1.68604
355700	1.68659
355800	1.68716
355900	1.68768
356000	1.68818
356100	1.68871
356200	1.68922
356300	1.68967
356400	1.69017
356500	1.6906
356600	1.69103
356700	1.69149
356800	1.69192
356900	1.69245
357000	1.69293
357100	1.69334
357200	1.6938
357300	1.69429
357400	1.6948
357500	1.69531
357600	1.69575
357700	1.69617
357800	1.69665
357900	1.69706
358000	1.69754
358100	1.69815
358200	1.69857
358300	1.69902
358400	1.69961
358500	1.70009
358600	1.70057
358700	1.70113
358800	1.70162
358900	1.70229
359000	1.70274
359100	1.70319
359200	1.70375
359300	1.70421
359400	1.70464
359500	1.70518
359600	1.70563
359700	1.70617
359800	1.70661
359900	1.70705
360000	1.70757
360100	1.70804
360200	1.70843
360300	1.70901
360400	1.70943
360500	1.70986
360600	1.71036
360700	1.71077
360800	1.71123
360900	1.71178
361000	1.71219
361100	1.71264
361200	1.71316
361300	1.71362
361400	1.71407
361500	1.71456
361600	1.71511
361700	1.71554
361800	1.71599
361900	1.7164
362000	1.71681
362100	1.71741
362200	1.71784
362300	1.71825
362400	1.71873
362500	1.71917
362600	1.71961
362700	1.72019
362800	1.72061
362900	1.72105
363000	1.72158
363100	1.722
363200	1.72245
363300	1.72294
363400	1.72338
363500	1.72394
363600	1.72435
363700	1.72481
363800	1.72523
363900	1.72568
364000	1.72612
364100	1.7266
364200	1.727
364300	1.72743
364400	1.72784
364500	1.72834
364600	1.72879
364700	1.72922
364800	1.72966
364900	1.7301
365000	1.73053
365100	1.73094
365200	1.73136
365300	1.73181
365400	1.73224
365500	1.73273
365600	1.7332
365700	1.73367
365800	1.73411
365900	1.73455
366000	1.73496
366100	1.73539
366200	1.73581
366300	1.73624
366400	1.73676
366500	1.73718
366600	1.73759
366700	1.73801
366800	1.73843
366900	1.73882
367000	1.73922
367100	1.73964
367200	1.74006
367300	1.74049
367400	1.7409
367500	1.74132
367600	1.74173
367700	1.74211
367800	1.74254
367900	1.74324
368000	1.74366
368100	1.74412
368200	1.74465
368300	1.74509
368400	1.74551
368500	1.74597
368600	1.74641
368700	1.74683
368800	1.74743
368900	1.74784
369000	1.74829
369100	1.74884
369200	1.74927
369300	1.74968
369400	1.75038
369500	1.75082
369600	1.75145
369700	1.75187
369800	1.75228
369900	1.75277
370000	1.75319
370100	1.7536
370200	1.7542
370300	1.75463
370400	1.75503
370500	1.75564
370600	1.75605
370700	1.7565
370800	1.75712
370900	1.75754
371000	1.75814
371100	1.75858
371200	1.75899
371300	1.75967
371400	1.76008
371500	1.7605
371600	1.76095
371700	1.76139
371800	1.76185
371900	1.76237
372000	1.76282
372100	1.76326
372200	1.76371
372300	1.76416
372400	1.76458
372500	1.76513
372600	1.76557
372700	1.76598
372800	1.76646
372900	1.7669
373000	1.76732
373100	1.76776
373200	1.76819
373300	1.76862
373400	1.76901
373500	1.76939
373600	1.76979
373700	1.77021
373800	1.77065
373900	1.7711
374000	1.77149
374100	1.77191
374200	1.77233
374300	1.77276
374400	1.77318
374500	1.77362
374600	1.77405
374700	1.77465
374800	1.77508
374900	1.77551
375000	1.77603
375100	1.77644
375200	1.77688
375300	1.77746
375400	1.77788
375500	1.77834
375600	1.77887
375700	1.7793
375800	1.77981
375900	1.78024
376000	1.78067
376100	1.78138
376200	1.78179
376300	1.78228
376400	1.78279
376500	1.78322
376600	1.78364
376700	1.78416
376800	1.78458
376900	1.78503
377000	1.78556
377100	1.78596
377200	1.78639
377300	1.7871
377400	1.78753
377500	1.78818
377600	1.78866
377700	1.7891
377800	1.78957
377900	1.78999
378000	1.79042
378100	1.79096
378200	1.79141
378300	1.79184
378400	1.79231
378500	1.79274
378600	1.79322
378700	1.79371
378800	1.79413
378900	1.79458
379000	1.79511
379100	1.79554
379200	1.79597
379300	1.79652
379400	1.79695
379500	1.79738
379600	1.79795
379700	1.79836
379800	1.79879
379900	1.79926
380000	1.79967
380100	1.80013
380200	1.80064
380300	1.80107
380400	1.80153
380500	1.80196
380600	1.80237
380700	1.80278
380800	1.80329
380900	1.8037
381000	1.80411
381100	1.80464
381200	1.80511
381300	1.80554
381400	1.806
381500	1.80643
381600	1.80688
381700	1.80733
381800	1.80775
381900	1.80817
382000	1.80868
382100	1.80909
382200	1.80954
382300	1.81
382400	1.81044
382500	1.81084
382600	1.81129
382700	1.81172
382800	1.81215
382900	1.81265
383000	1.81312
383100	1.81357
383200	1.81403
383300	1.81446
383400	1.81492
383500	1.8155
383600	1.81595
383700	1.81639
383800	1.81684
383900	1.81729
384000	1.81774
384100	1.81825
384200	1.81872
384300	1.81917
384400	1.81975
384500	1.82019
384600	1.82077
384700	1.82122
384800	1.82164
384900	1.82209
385000	1.8225
385100	1.82293
385200	1.82345
385300	1.82389
385400	1.82434
385500	1.82498
385600	1.82544
385700	1.82589
385800	1.82647
385900	1.82691
386000	1.82733
386100	1.82776
386200	1.82817
386300	1.82862
386400	1.82907
386500	1.82946
386600	1.82986
386700	1.83032
386800	1.83075
386900	1.83115
387000	1.83168
387100	1.83214
387200	1.83259
387300	1.83307
387400	1.83349
387500	1.83391
387600	1.83445
387700	1.83488
387800	1.83531
387900	1.83588
388000	1.83633
388100	1.83678
388200	1.83723
388300	1.83766
388400	1.8381
388500	1.83857
388600	1.83899
388700	1.83942
388800	1.83987
388900	1.84033
389000	1.84074
389100	1.84125
389200	1.84168
389300	1.84209
389400	1.84254
389500	1.843
389600	1.84347
389700	1.84393
389800	1.84438
389900	1.84481
390000	1.84528
390100	1.84577
390200	1.84622
390300	1.8467
390400	1.84713
390500	1.84756
390600	1.84802
390700	1.84844
390800	1.84885
390900	1.84944
391000	1.84987
391100	1.85031
391200	1.85087
391300	1.85133
391400	1.85177
391500	1.85225
391600	1.85268
391700	1.8531
391800	1.85365
391900	1.85416
392000	1.85459
392100	1.85512
392200	1.85558
392300	1.85614
392400	1.85665
392500	1.85714
392600	1.85767
392700	1.85813
392800	1.85858
392900	1.85913
393000	1.85955
393100	1.86011
393200	1.86056
393300	1.86101
393400	1.86143
393500	1.862
393600	1.86244
393700	1.86298
393800	1.86343
393900	1.86385
394000	1.86445
394100	1.86489
394200	1.86533
394300	1.86581
394400	1.86622
394500	1.86664
394600	1.86716
394700	1.8676
394800	1.86804
394900	1.86868
395000	1.86911
395100	1.86955
395200	1.87009
395300	1.87053
395400	1.87096
395500	1.87169
395600	1.87212
395700	1.87265
395800	1.87308
395900	1.8735
396000	1.87415
396100	1.87459
396200	1.87506
396300	1.8756
396400	1.87605
396500	1.8766
396600	1.87707
396700	1.8775
396800	1.87794
396900	1.87837
397000	1.87879
397100	1.87932
397200	1.87976
397300	1.88018
